3.525237 -0.350494 -2.150996 -2.400871
3.030779 -0.247004 -1.824591 -2.105410
3.334289 -0.315890 -2.028028 -2.275306
3.684650 -0.371566 -2.253358 -2.492221
3.426042 -0.282617 -2.055049 -2.349346
3.341255 -0.320515 -2.030619 -2.271683
3.168690 -0.284105 -1.911420 -2.172566
3.144619 -0.243464 -1.896334 -2.217328
3.452136 -0.282815 -2.082206 -2.370819
3.627322 -0.357181 -2.216861 -2.454932
2.960440 -0.269128 -1.780698 -2.042741
3.284952 -0.313103 -1.997092 -2.248105
3.278025 -0.310991 -1.989710 -2.243531
2.891163 -0.264437 -1.741295 -1.999724
3.218462 -0.328296 -1.949510 -2.183381
3.568815 -0.322280 -2.166195 -2.435550
3.229734 -0.290882 -1.954668 -2.217293
3.661853 -0.352161 -2.235438 -2.479986
3.552376 -0.336905 -2.157156 -2.421780
3.538840 -0.362803 -2.154534 -2.396923
3.396286 -0.299631 -2.069280 -2.339587
3.210433 -0.300493 -1.945380 -2.202850
3.268865 -0.321574 -1.980157 -2.227707
3.150928 -0.272480 -1.894704 -2.196495
3.106506 -0.312706 -1.874625 -2.117033
3.558670 -0.359341 -2.174530 -2.407600
3.174065 -0.211563 -1.913008 -2.236036
3.311010 -0.271813 -2.006201 -2.313086
3.336324 -0.316608 -2.028812 -2.276848
3.468907 -0.351806 -2.114531 -2.347466
3.483720 -0.319016 -2.123564 -2.384305
3.442505 -0.334213 -2.096919 -2.338650
3.176569 -0.269601 -1.922192 -2.199875
3.267473 -0.314907 -1.981095 -2.227029
3.421881 -0.305217 -2.086395 -2.349349
2.933932 -0.271057 -1.766950 -2.027045
3.434003 -0.320340 -2.085992 -2.329364
3.831683 -0.389304 -2.346022 -2.585676
3.286891 -0.335388 -1.994341 -2.228243
3.242100 -0.326872 -1.964298 -2.201677
3.261775 -0.288995 -1.979278 -2.235257
3.021478 -0.276781 -1.819455 -2.075850
3.376144 -0.338748 -2.057521 -2.283564
3.291625 -0.287295 -1.996817 -2.265016
3.515666 -0.361068 -2.144629 -2.373406
3.408531 -0.317168 -2.075574 -2.314151
3.491412 -0.329403 -2.116496 -2.377017
3.548530 -0.324036 -2.170441 -2.435824
3.665678 -0.350131 -2.244261 -2.489662
3.711499 -0.360536 -2.263557 -2.513104
3.349714 -0.342142 -2.035101 -2.268270
3.205909 -0.281285 -1.926567 -2.202256
3.453724 -0.284770 -2.102417 -2.368218
3.354017 -0.335740 -2.036868 -2.279463
3.457984 -0.325252 -2.106123 -2.364093
3.356818 -0.297419 -2.038672 -2.305749
3.357420 -0.250656 -2.015567 -2.343033
3.703709 -0.275520 -2.271387 -2.540281
3.885175 -0.390878 -2.378749 -2.615474
3.735521 -0.380010 -2.286054 -2.517549
3.855917 -0.383688 -2.366457 -2.599222
3.460512 -0.350579 -2.104799 -2.344848
3.732868 -0.363880 -2.278462 -2.539467
3.035332 -0.264546 -1.826669 -2.115704
3.245976 -0.299392 -1.964831 -2.221816
3.536613 -0.323031 -2.148720 -2.436615
3.447477 -0.340960 -2.100865 -2.339406
3.445190 -0.339107 -2.103254 -2.338634
3.287117 -0.266801 -1.979654 -2.268945
3.691175 -0.326432 -2.256332 -2.528354
3.571766 -0.358036 -2.179979 -2.411784
3.379266 -0.317228 -2.051684 -2.308864
3.033511 -0.234040 -1.818960 -2.121427
3.542857 -0.377134 -2.148211 -2.404891
3.282173 -0.295851 -1.986677 -2.240879
3.335790 -0.330335 -2.027506 -2.266425
3.213833 -0.321574 -1.941970 -2.182471
3.427454 -0.345903 -2.085882 -2.319578
3.606352 -0.357524 -2.200213 -2.438937
3.533358 -0.354573 -2.156231 -2.393613
3.278436 -0.307696 -1.984960 -2.246294
3.551459 -0.313186 -2.157867 -2.429079
3.542132 -0.341656 -2.155267 -2.404170
3.455029 -0.320197 -2.102269 -2.360489
3.138522 -0.300682 -1.898584 -2.143138
3.096581 -0.297297 -1.873288 -2.118989
3.207460 -0.322882 -1.942950 -2.178166
3.655806 -0.336809 -2.236880 -2.474499
3.391858 -0.291891 -2.074881 -2.337031
3.474051 -0.327102 -2.112721 -2.370620
3.494737 -0.345288 -2.128996 -2.367660
3.204241 -0.322674 -1.945093 -2.186203
3.444368 -0.304136 -2.093788 -2.365289
3.029121 -0.241807 -1.836328 -2.128759
3.324392 -0.252850 -2.043239 -2.298795
3.735555 -0.319527 -2.281231 -2.574201
3.362194 -0.294866 -2.028628 -2.307946
3.550489 -0.327200 -2.159747 -2.411272
3.233245 -0.322567 -1.957264 -2.203785
3.371819 -0.337407 -2.051458 -2.285688
-1.132915 4.787879 -0.072986 -5.933842
-1.562315 4.821681 0.086897 -5.991120
-1.482413 5.015787 0.045808 -6.359138
-1.362911 4.484021 -0.078734 -5.657018
-0.786743 4.954090 -0.330276 -6.180759
-1.286747 4.567951 -0.127713 -5.698726
-0.933865 5.035344 -0.229934 -6.298697
-1.113265 4.626897 -0.093077 -5.793377
-1.082808 4.467395 -0.096670 -5.676365
-0.905236 4.927899 -0.228726 -6.041483
-1.309827 5.262991 -0.176793 -6.536573
-0.774227 4.513988 -0.273999 -5.778933
-1.242145 4.719808 -0.036896 -5.902341
-1.419808 4.860212 0.074111 -6.161828
-1.164510 4.757717 -0.093072 -5.888721
-0.828009 4.607706 -0.332663 -5.886481
-0.858632 4.713608 -0.203726 -5.980913
-0.690269 4.805120 -0.433959 -6.073869
-0.893748 5.014169 -0.278304 -6.108350
-1.169989 4.835875 -0.171870 -6.155493
-0.530761 4.611423 -0.442769 -5.773117
-0.552561 4.740178 -0.495238 -6.094138
-1.001214 4.682397 -0.158074 -5.806026
-0.999278 4.530277 -0.071504 -5.586025
-0.938024 4.489761 -0.193953 -5.794681
-1.194157 4.913177 -0.251059 -6.097183
-1.328542 5.033204 -0.169230 -6.044653
-1.115157 4.633676 -0.134002 -5.907366
-0.606353 4.877037 -0.382401 -6.302293
-0.939573 4.662708 -0.173782 -5.876144
-0.720696 4.884196 -0.375225 -6.123934
-1.029153 4.907439 -0.422051 -6.220808
-0.590045 4.569771 -0.562100 -5.893701
-0.832409 5.004266 -0.418887 -6.087922
-0.968903 4.821713 -0.234454 -5.941495
-1.218604 4.442847 -0.073363 -5.418859
-1.187456 4.860463 -0.210276 -6.020172
-0.681079 4.482016 -0.326799 -5.771476
-1.198354 4.812223 -0.124685 -5.932488
-0.274274 4.700806 -0.653789 -6.214942
-0.639463 4.953458 -0.442052 -5.973977
-0.459493 4.721052 -0.547855 -5.949611
-1.095229 4.597983 -0.127487 -5.723053
-1.183568 4.996320 -0.030659 -6.339189
-0.850391 4.876719 -0.392906 -6.128630
-1.106853 4.558110 -0.134571 -5.800730
-1.145633 4.509900 -0.078325 -5.817960
-0.705497 4.513978 -0.382825 -5.741934
-0.930604 4.951839 -0.284386 -6.284536
-0.391243 4.757801 -0.485429 -6.134018
-0.942468 4.939626 -0.272333 -6.468165
-0.843663 4.725364 -0.308586 -5.931331
-1.238794 4.871535 -0.185692 -6.110502
-1.703452 5.021834 0.086142 -6.104051
-1.111925 4.847312 -0.121240 -5.890714
-1.188501 4.703131 -0.253299 -5.821563
-0.909640 4.945725 -0.196741 -6.171789
-0.977133 4.662265 -0.313475 -5.979760
-1.320497 5.324614 -0.226595 -6.587376
-0.995067 4.715574 -0.274314 -5.803385
-0.835018 4.498840 -0.301911 -5.761823
-0.892392 4.883149 -0.208544 -6.101227
-0.414969 4.833144 -0.552871 -5.953782
-1.135140 4.776319 -0.070372 -5.963587
-1.071126 4.980946 -0.270412 -6.129714
-0.836671 4.456939 -0.186704 -5.658984
-0.585026 5.147136 -0.403755 -6.434789
-0.941048 4.886581 -0.250805 -5.983559
-1.076550 4.787066 -0.157949 -5.936352
-0.567683 4.400525 -0.326777 -5.705229
-0.879048 4.744351 -0.252247 -5.844532
-0.913869 4.993840 -0.256692 -6.337160
-0.626947 4.731442 -0.461599 -6.098799
-0.990882 4.644737 -0.323219 -5.679251
-0.950813 4.900948 -0.276428 -6.052600
-0.898092 4.916101 -0.374271 -6.176432
-0.928895 4.728992 -0.260892 -5.911654
-0.977576 5.103020 -0.297565 -6.096094
-0.876358 4.941328 -0.267088 -6.287591
-1.112177 4.927966 -0.263346 -5.896091
-0.857627 4.723738 -0.278552 -6.038370
-1.483724 4.585519 0.191284 -5.775067
-0.673030 4.746562 -0.311488 -5.933711
-1.275561 4.478840 0.037641 -5.821940
-0.901488 4.964709 -0.349945 -6.065311
-0.760867 4.894902 -0.397084 -6.237933
-0.786760 4.646754 -0.231649 -5.684315
-1.175138 4.992807 -0.248833 -6.009482
-0.766262 4.546609 -0.339348 -5.822646
-1.077581 4.633683 -0.168991 -5.867251
-0.933405 4.971233 -0.301802 -6.248255
-1.124948 4.737967 -0.114726 -5.952400
-1.257240 4.905548 -0.213598 -5.984319
-0.880586 4.773918 -0.360111 -6.075205
-0.900073 4.435979 -0.279464 -5.610425
-1.184536 4.949625 -0.076247 -6.074212
-0.991143 5.164963 -0.255484 -6.394053
-0.569932 4.442128 -0.385810 -5.745231
-1.180214 4.955571 -0.077285 -6.267448
-1.114193 4.986102 -0.247899 -6.122843
-6.918204 -0.548442 5.398921 -3.511219
-7.269685 -0.396432 5.497511 -3.478993
-7.126737 -0.441801 5.415802 -3.725210
-7.318004 -0.549330 5.945066 -4.358697
-6.825606 -0.034267 5.344223 -4.190183
-6.178851 -0.912641 5.034080 -2.997527
-7.377357 -0.140390 5.713738 -3.696672
-6.703719 0.059007 5.425680 -4.009083
-6.798402 -0.760294 5.675848 -3.924645
-7.027635 -0.107275 5.315609 -3.638335
-5.742126 -1.079251 4.697256 -2.857444
-6.700022 -0.829075 5.488540 -3.509756
-6.989229 -0.726821 5.430604 -3.304896
-6.778538 -0.801025 5.433806 -3.485147
-7.500742 -0.758093 5.897216 -3.727963
-7.689226 -0.231269 5.670752 -3.936992
-6.734607 -0.207756 5.297598 -3.812646
-6.659267 -0.577945 5.410658 -3.788938
-7.605729 -0.329952 5.698318 -3.940468
-6.876918 -0.383417 5.458470 -3.793524
-6.438353 -0.641874 5.047991 -3.538908
-7.472997 -0.615553 5.736758 -3.742523
-7.130785 -0.309681 5.580532 -3.850695
-7.236362 -0.528748 5.774740 -3.783169
-6.629517 -0.489473 5.281643 -3.722533
-7.577012 -0.688687 5.596372 -3.410721
-6.439018 -0.494355 5.002858 -3.402575
-6.742864 -0.441588 5.368174 -3.757876
-6.352989 -1.282743 5.192530 -3.179637
-6.536926 -1.057313 5.266327 -3.109463
-6.060972 -0.934675 4.892250 -2.885918
-6.138982 -0.324153 4.893685 -3.308082
-7.152414 -0.276721 5.475910 -3.685099
-7.218554 -0.403421 5.723236 -3.899134
-6.538967 -1.035088 5.259863 -3.360081
-6.507486 -0.438008 5.196437 -3.695615
-7.425848 -0.192243 5.633258 -3.901343
-6.899320 0.015351 5.544842 -3.958390
-7.468087 0.079732 5.675768 -4.259452
-7.409862 -0.442027 5.574976 -3.518608
-6.977956 -0.877773 5.338214 -3.414867
-7.057293 -0.421247 5.479663 -3.613345
-6.954185 -0.775304 5.414602 -3.378659
-7.411833 -0.531097 5.690587 -3.683731
-6.850262 -0.538840 5.330095 -3.308634
-6.904767 -0.369634 5.406835 -3.922912
-8.234539 -0.130931 6.139559 -4.145000
-7.353500 -0.059138 5.416989 -3.634064
-6.255662 -1.094270 5.096612 -3.079742
-7.103234 -0.435640 5.515201 -3.768919
-6.933028 -0.235559 5.316277 -3.654077
-6.559268 -0.788421 5.247913 -3.189799
-6.487721 -0.780683 4.997806 -2.982188
-6.641479 -0.309610 5.187528 -3.494096
-7.206955 -0.803978 5.536171 -3.395560
-6.669144 -0.778331 5.319610 -3.378345
-6.754243 -0.201261 5.231361 -3.525742
-6.549783 -0.583634 5.197793 -3.557808
-7.872151 -0.286211 5.965755 -4.027174
-6.975133 -0.780208 5.468263 -3.359821
-7.040710 -0.217614 5.318034 -3.589574
-7.203174 -0.425768 5.445689 -3.631814
-6.847882 -0.596486 5.360164 -3.609571
-7.184126 -0.039870 5.528990 -4.012191
-6.495107 -0.328625 4.985820 -3.418778
-6.942050 -0.317049 5.280573 -3.414534
-7.159977 -0.572856 5.912641 -3.807299
-6.257023 -0.805817 5.059425 -3.056019
-6.194821 -0.415281 4.948252 -3.507718
-6.037821 -0.663878 4.591224 -2.861107
-7.435236 -0.192115 5.842912 -4.123202
-7.138860 -0.709485 5.724274 -3.809477
-7.141416 -0.003536 5.450821 -4.200062
-6.455433 -1.431758 5.093786 -2.681737
-6.526335 -0.595348 5.164744 -3.412826
-7.668642 -0.148435 5.811351 -4.080853
-7.476565 -0.522812 5.740771 -3.743388
-6.369619 -0.725721 5.183571 -3.356640
-6.896968 -0.740447 5.342417 -3.463232
-6.561254 -0.998488 5.181986 -3.262196
-6.653359 -0.858124 5.441428 -3.371487
-7.137642 -1.124502 5.664222 -3.484840
-6.986866 -0.209945 5.347413 -3.712843
-7.531795 -0.369185 5.779558 -3.901809
-7.487121 -0.574242 5.791688 -3.910247
-6.473312 -0.884706 5.234357 -3.453855
-6.536830 -0.829366 5.205902 -3.189047
-6.583781 -0.524358 5.082683 -3.346086
-6.963789 -0.992127 5.542960 -3.836930
-6.952548 -0.191078 5.406510 -3.814311
-6.923875 -0.265548 5.368146 -3.743762
-7.180386 -0.205523 5.553775 -4.092832
-6.558936 -0.713433 5.379984 -3.754124
-6.836552 -0.646925 5.322909 -3.359813
-7.054867 -0.011177 5.468010 -3.979748
-7.323778 0.087115 5.616097 -4.143953
-6.966659 -0.318687 5.384227 -3.604321
-6.579169 0.155868 4.931544 -3.627949
-6.294317 -0.484715 5.080456 -3.569095
-6.797602 -0.818152 5.353642 -3.256704
-6.504834 -9.064698 2.123775 8.521996
-6.526770 -8.813396 2.005958 8.521749
-6.708365 -9.155085 2.350546 8.544383
-6.537461 -9.023415 2.039793 8.872733
-6.661836 -8.928589 2.120207 8.685467
-6.215813 -8.808078 2.014742 8.318383
-6.528815 -9.005284 2.081956 8.581235
-6.412226 -9.038208 2.018122 8.727215
-6.814351 -8.985378 2.181340 8.711012
-6.282154 -8.596938 1.978232 8.480195
-6.801126 -8.932714 2.162567 8.775136
-6.605304 -8.687405 2.246631 8.408394
-6.660431 -9.028714 2.244993 8.452877
-6.580235 -8.967937 2.220275 8.615296
-6.403200 -8.904819 1.984182 8.404024
-6.698720 -9.037663 2.084248 8.757288
-6.260480 -8.572856 2.083270 8.316811
-6.557004 -8.938590 2.095979 8.542515
-6.782698 -9.012379 2.204678 8.650328
-6.650980 -8.965867 2.161299 8.606879
-6.440356 -9.044662 1.954027 8.613056
-6.800976 -9.015187 2.187889 8.737409
-6.827295 -9.183174 2.171828 8.870723
-6.472907 -8.798113 2.115713 8.359786
-6.446520 -8.925674 2.116264 8.476788
-6.884307 -8.990997 2.382546 8.388193
-6.252956 -8.726228 1.942742 8.404870
-6.901749 -9.172577 2.375569 8.765175
-6.998728 -9.200518 2.316506 8.819124
-6.540502 -8.957360 2.120077 8.629172
-6.513858 -8.836517 1.942320 8.619941
-7.003211 -8.994966 2.534368 8.291103
-6.449162 -8.596598 2.182574 8.340871
-6.193625 -8.942473 1.946260 8.507717
-6.455334 -8.405017 2.222706 8.121777
-6.619642 -9.093475 2.131912 8.596297
-6.646913 -9.255710 2.083258 8.955261
-6.887047 -8.948803 2.371465 8.535340
-6.465729 -8.737203 1.993060 8.507602
-6.806756 -8.815424 2.283549 8.513182
-6.357545 -8.612484 1.964937 8.518090
-6.960980 -8.614076 2.474305 8.213830
-6.638585 -8.947574 2.134526 8.693128
-6.041700 -8.635647 1.822533 8.308691
-6.662832 -8.902084 2.308663 8.349934
-6.386165 -8.838273 2.048904 8.428866
-6.636935 -8.911356 2.103326 8.682562
-7.339205 -8.841115 2.610984 8.367723
-6.524296 -8.788308 2.061573 8.552961
-6.836208 -8.950814 2.303932 8.397626
-6.455838 -8.865427 2.022894 8.598066
-6.655840 -8.831403 2.294970 8.366758
-6.544042 -8.544593 2.176807 8.348492
-6.362545 -8.303388 2.129071 7.898210
-6.555416 -9.091095 2.170890 8.538126
-6.597244 -8.942858 2.178997 8.485089
-6.651200 -9.150155 2.079139 8.967112
-6.204647 -8.732015 2.002865 8.468587
-6.568047 -8.970952 2.076111 8.839300
-6.173412 -8.753700 2.093108 8.308623
-6.266434 -8.709712 2.159794 8.235382
-6.833497 -9.088963 2.300582 8.546428
-6.298764 -8.690159 1.864703 8.644827
-6.336312 -8.770129 2.012208 8.305935
-6.119135 -8.520785 1.854533 8.517719
-6.673850 -8.893920 2.202726 8.641020
-6.651978 -8.871020 2.083694 8.564289
-6.681450 -8.409569 2.351964 8.063390
-6.738381 -8.936852 2.131661 8.741665
-6.722217 -8.943530 2.206727 8.668242
-6.479487 -8.763906 2.095115 8.356500
-6.978915 -9.225462 2.367291 8.615181
-6.757477 -8.721906 2.263102 8.445188
-6.412199 -8.931077 2.100483 8.678943
-6.358961 -8.628043 2.019289 8.455845
-7.332499 -9.040006 2.618041 8.287072
-6.522327 -9.053645 2.178043 8.591220
-6.771588 -8.842539 2.332928 8.488099
-7.010058 -8.918790 2.379423 8.567703
-6.525299 -8.959499 2.184009 8.361618
-6.264064 -8.757907 1.949752 8.656824
-6.489394 -8.866476 2.059132 8.634241
-6.210259 -8.528603 1.844344 8.475928
-6.729482 -9.378555 2.157114 8.842031
-6.164075 -8.571958 1.906483 8.302333
-6.232203 -8.737351 1.884927 8.520123
-6.822747 -9.133835 2.275399 8.858200
-6.611664 -8.833352 2.148467 8.406964
-6.381602 -8.847470 1.997435 8.566497
-7.138375 -9.009645 2.568231 8.463694
-6.956776 -8.848612 2.306920 8.565441
-6.138033 -8.522952 1.901981 8.198501
-6.414970 -8.859938 2.025052 8.617202
-6.513025 -8.673276 2.204442 8.290272
-6.129982 -8.484496 1.840000 8.382474
-6.534458 -8.821183 2.076141 8.734502
-6.476090 -8.812227 2.020844 8.621035
-6.883372 -8.840251 2.262286 8.264440
-6.058561 -8.951456 1.941397 8.427144
-6.775181 -9.168050 2.190271 8.826022
